Input_file	Dataset	Complete	Single	Duplicated	Fragmented	Missing	n_markers
EP00881_Raphidocelis_subcapitata.fasta	eukaryota_odb10	83.5	82.7	0.8	7.5	9.0	255			
EP01069_Polyplicarium_translucidae.fasta	eukaryota_odb10	40.0	22.7	17.3	14.9	45.1	255			
EP00752_Nemacystus_decipiens.fasta	eukaryota_odb10	90.6	74.5	16.1	3.1	6.3	255			
EP01022_Parablepharisma_sp_SALTPOND.fasta	eukaryota_odb10	19.6	12.5	7.1	8.6	71.8	255			
EP00551_Chaetoceros_affinis.fasta	eukaryota_odb10	72.1	69.0	3.1	7.1	20.8	255			
EP00921_Rhytidocystis_pertsovi.fasta	eukaryota_odb10	43.1	20.0	23.1	14.5	42.4	255			
EP01071_Lankesteria_metandrocarpae.fasta	eukaryota_odb10	40.4	25.1	15.3	18.0	41.6	255			
EP01024_Parvocaulis_polyphysoides.fasta	eukaryota_odb10	51.7	19.2	32.5	26.7	21.6	255			
EP00400_MALV-I_sp_L67-5.fasta	eukaryota_odb10	6.7	6.7	0.0	1.2	92.1	255			
EP00403_Amphidinium_massartii.fasta	eukaryota_odb10	71.0	60.4	10.6	5.5	23.5	255			
EP01090_Pellita_catalonica.fasta	eukaryota_odb10	64.7	54.1	10.6	14.1	21.2	255			
EP00704_Kipferlia_bialata.fasta	eukaryota_odb10	19.6	17.6	2.0	21.2	59.2	255			
EP01093_Parvamoeba_rugata.fasta	eukaryota_odb10	9.9	7.5	2.4	5.1	85.0	255			
EP00697_Spironema_sp_BW2.fasta	eukaryota_odb10	54.9	41.6	13.3	6.7	38.4	255			
EP00620_Florenciella_sp_RCC1587.fasta	eukaryota_odb10	36.9	36.5	0.4	17.6	45.5	255			
EP00126_Sphaerothecum_destruens.fasta	eukaryota_odb10	68.6	55.3	13.3	23.5	7.9	255			
EP00354_Favella_ehrenbergii.fasta	eukaryota_odb10	18.0	14.5	3.5	15.3	66.7	255			
EP00866_Antonospora_locustae.fasta	eukaryota_odb10	21.6	20.8	0.8	3.9	74.5	255			
EP00066_Takifugu_rubripes.fasta	eukaryota_odb10	99.2	78.0	21.2	0.0	0.8	255			
EP00360_Condylostoma_magnum.fasta	eukaryota_odb10	0.0	0.0	0.0	2.4	97.6	255			
EP01061_Rhynchopus_euleeides.fasta	eukaryota_odb10	65.1	51.8	13.3	12.9	22.0	255			
EP00322_Chrysochromulina_rotalis.fasta	eukaryota_odb10	53.7	45.1	8.6	9.8	36.5	255			
EP00028_Trichosphaerium_sp_Am-I-7-wt.fasta	eukaryota_odb10	44.7	36.1	8.6	15.7	39.6	255			
EP01048_Picozoa_sp_COSAG05.fasta	eukaryota_odb10	11.8	11.0	0.8	14.1	74.1	255			
EP00181_Compsopogon_caeruleus.fasta	eukaryota_odb10	47.1	46.7	0.4	6.7	46.2	255			
EP00193_Tetraselmis_chui.fasta	eukaryota_odb10	62.4	41.2	21.2	10.2	27.4	255			
EP00024_Dictyostelium_purpureum.fasta	eukaryota_odb10	89.0	87.8	1.2	3.5	7.5	255			
EP00405_Crypthecodinium_cohnii.fasta	eukaryota_odb10	65.1	60.0	5.1	8.2	26.7	255			
EP00998_Keelungia_sp_KM082.fasta	eukaryota_odb10	8.6	8.2	0.4	11.4	80.0	255			
EP00680_Strigomonas_culicis.fasta	eukaryota_odb10	46.3	20.4	25.9	9.0	44.7	255			
EP00515_Schizochytrium_aggregatum.fasta	eukaryota_odb10	65.9	57.3	8.6	9.8	24.3	255			
EP00053_Salpingoeca_punica.fasta	eukaryota_odb10	90.2	89.8	0.4	6.3	3.5	255			
EP00887_Chlorella_sp_A99.fasta	eukaryota_odb10	80.0	79.2	0.8	9.0	11.0	255			
EP00954_Amorphochlora_amoebiformis.fasta	eukaryota_odb10	9.8	9.8	0.0	15.3	74.9	255			
EP00324_Dicrateria_rotunda.fasta	eukaryota_odb10	36.1	34.9	1.2	11.8	52.1	255			
EP00646_Phytophthora_ramorum.fasta	eukaryota_odb10	89.8	85.1	4.7	5.5	4.7	255			
EP00872_Gracilariopsis_chorda.fasta	eukaryota_odb10	80.8	78.8	2.0	5.1	14.1	255			
EP00054_Salpingoeca_dolichothecata.fasta	eukaryota_odb10	90.6	88.2	2.4	5.9	3.5	255			
EP00258_Populus_trichocarpa.fasta	eukaryota_odb10	99.6	33.7	65.9	0.0	0.4	255			
EP00077_Pelodiscus_sinensis.fasta	eukaryota_odb10	91.0	65.9	25.1	7.5	1.5	255			
EP00513_Hondaea_fermentalgiana.fasta	eukaryota_odb10	87.5	86.3	1.2	2.7	9.8	255			
EP00315_Gephyrocapsa_oceanica.fasta	eukaryota_odb10	66.3	56.1	10.2	14.5	19.2	255			
EP00490_Sorites_sp_Unknown.fasta	eukaryota_odb10	32.1	24.3	7.8	11.4	56.5	255			
EP00270_Netrium_digitus.fasta	eukaryota_odb10	43.1	27.8	15.3	29.4	27.5	255			
EP00886_Chlorella_sorokiniana.fasta	eukaryota_odb10	90.6	83.1	7.5	3.1	6.3	255			
EP00811_Abedinium_folium.fasta	eukaryota_odb10	37.3	35.3	2.0	13.7	49.0	255			
EP00526_Cylindrotheca_closterium.fasta	eukaryota_odb10	65.5	42.0	23.5	9.4	25.1	255			
EP00060_Petromyzon_marinus.fasta	eukaryota_odb10	55.3	21.6	33.7	12.5	32.2	255			
EP00969_Alexandrium_andersonii.fasta	eukaryota_odb10	0.4	0.4	0.0	2.0	97.6	255			
EP00173_Palmaria_palmata.fasta	eukaryota_odb10	11.0	10.6	0.4	22.4	66.6	255			
EP01115_Flamella_aegyptia.fasta	eukaryota_odb10	19.2	16.1	3.1	24.7	56.1	255			
EP00307_Rebecca_sp_RCC1486.fasta	eukaryota_odb10	37.3	37.3	0.0	16.1	46.6	255			
EP00747_Dinoflagellata_sp_TGD.fasta	eukaryota_odb10	60.0	42.7	17.3	18.4	21.6	255			
EP00003_Mantamonas_plastica.fasta	eukaryota_odb10	51.8	30.6	21.2	20.8	27.4	255			
EP00946_MAST-07B_sp_MAST-7B-sp1.fasta	eukaryota_odb10	28.6	27.8	0.8	3.9	67.5	255			
EP00701_Giardia_intestinalis.fasta	eukaryota_odb10	23.5	22.7	0.8	5.1	71.4	255			
EP00128_Syssomonas_multiformis.fasta	eukaryota_odb10	57.3	36.5	20.8	15.3	27.4	255			
EP00685_Perkinsela_sp_CCAP1560-4.fasta	eukaryota_odb10	34.1	30.6	3.5	6.7	59.2	255			
EP00204_Picochlorum_oklahomense.fasta	eukaryota_odb10	49.8	49.4	0.4	8.6	41.6	255			
EP01004_Peranema_trichophorum.fasta	eukaryota_odb10	19.2	16.1	3.1	13.3	67.5	255			
EP00484_Ammonia_sp_Unknown.fasta	eukaryota_odb10	60.8	59.6	1.2	9.8	29.4	255			
EP00905_Microchloropsis_salina.fasta	eukaryota_odb10	73.0	71.8	1.2	13.3	13.7	255			
EP00443_Scrippsiella_acuminata.fasta	eukaryota_odb10	60.8	46.3	14.5	9.8	29.4	255			
EP00326_Haptolina_ericina.fasta	eukaryota_odb10	50.9	43.1	7.8	13.7	35.4	255			
EP00401_Gymnodinium_catenatum.fasta	eukaryota_odb10	67.8	45.1	22.7	7.5	24.7	255			
EP00501_MAST-03F_sp_TOSAG23-6.fasta	eukaryota_odb10	24.4	22.4	2.0	9.0	66.6	255			
EP00020_Sapocribrum_chincoteaguense.fasta	eukaryota_odb10	45.5	24.7	20.8	11.8	42.7	255			
EP00663_Eupelagonemidae_sp_cell21sb.fasta	eukaryota_odb10	0.0	0.0	0.0	1.6	98.4	255			
EP00049_Salpingoeca_infusionum.fasta	eukaryota_odb10	91.0	87.1	3.9	3.9	5.1	255			
EP01042_Synura_sphagnicola.fasta	eukaryota_odb10	16.1	14.1	2.0	34.9	49.0	255			
EP01114_Cavostelium_apophysatum.fasta	eukaryota_odb10	88.2	68.2	20.0	5.9	5.9	255			
EP00335_Anophryoides_haemophila.fasta	eukaryota_odb10	0.4	0.4	0.0	0.4	99.2	255			
EP00955_Chlamydomonas_euryale.fasta	eukaryota_odb10	3.5	3.5	0.0	26.3	70.2	255			
EP00655_Saprolegnia_parasitica.fasta	eukaryota_odb10	87.8	82.7	5.1	3.5	8.7	255			
EP01084_Bolivina_argentea.fasta	eukaryota_odb10	87.4	48.2	39.2	4.7	7.9	255			
EP00123_Amoebidium_parasiticum.fasta	eukaryota_odb10	89.5	82.0	7.5	7.1	3.4	255			
EP00014_Entamoeba_dispar.fasta	eukaryota_odb10	51.8	46.3	5.5	4.7	43.5	255			
EP00298_Acanthocystis_sp_HF-20.fasta	eukaryota_odb10	69.8	58.8	11.0	16.1	14.1	255			
EP00730_Choanoeca_flexa.fasta	eukaryota_odb10	89.8	82.0	7.8	3.9	6.3	255			
EP00135_Aspergillus_nidulans.fasta	eukaryota_odb10	89.0	88.2	0.8	6.3	4.7	255			
EP01096_Ripella_sp_DP13-Kostka.fasta	eukaryota_odb10	66.2	57.6	8.6	14.5	19.3	255			
EP00941_MAST-03F_sp_MAST-3F-sp1.fasta	eukaryota_odb10	46.3	45.5	0.8	3.9	49.8	255			
EP01103_Thecamoeba_quadrilineata.fasta	eukaryota_odb10	84.7	72.2	12.5	7.1	8.2	255			
EP00414_Alexandrium_minutum.fasta	eukaryota_odb10	12.5	9.4	3.1	2.4	85.1	255			
EP00036_Acanthoecidae_sp_10tr.fasta	eukaryota_odb10	78.8	72.5	6.3	6.7	14.5	255			
EP00445_Apocalathium_hangoei.fasta	eukaryota_odb10	51.0	42.0	9.0	7.1	41.9	255			
EP00285_Hemiselmis_virescens.fasta	eukaryota_odb10	47.1	46.3	0.8	17.6	35.3	255			
EP01000_Liburna_glaciale.fasta	eukaryota_odb10	0.4	0.4	0.0	0.4	99.2	255			
EP00370_Babesia_bigemina.fasta	eukaryota_odb10	47.9	47.5	0.4	12.5	39.6	255			
EP01080_Neovahlkampfia_damariscottae.fasta	eukaryota_odb10	86.7	85.1	1.6	4.7	8.6	255			
EP01007_Sphenomonas_quadrangularis.fasta	eukaryota_odb10	4.3	3.1	1.2	3.5	92.2	255			
EP00875_Gonium_pectorale.fasta	eukaryota_odb10	71.4	71.0	0.4	12.2	16.4	255			
EP00399_MALV-I-05_sp_L67-4.fasta	eukaryota_odb10	0.0	0.0	0.0	0.0	100.0	255			
EP00751_Fragilariopsis_kerguelensis.fasta	eukaryota_odb10	72.1	62.7	9.4	5.5	22.4	255			
EP00468_Gymnochlora_sp_CCMP2014.fasta	eukaryota_odb10	64.4	56.9	7.5	6.7	28.9	255			
EP00928_Gymnodinium_smaydae.fasta	eukaryota_odb10	74.9	58.8	16.1	6.3	18.8	255			
EP00117_Sycon_ciliatum.fasta	eukaryota_odb10	97.3	91.0	6.3	2.0	0.7	255			
EP00997_Jenningsia_sp_PLL12.fasta	eukaryota_odb10	3.5	3.5	0.0	11.4	85.1	255			
EP00150_Ustilago_maydis.fasta	eukaryota_odb10	98.8	98.8	0.0	0.4	0.8	255			
EP00935_MAST-01C_sp_MAST-1C-sp1.fasta	eukaryota_odb10	4.3	4.3	0.0	2.0	93.7	255			
EP00002_Diphylleia_rotans.fasta	eukaryota_odb10	90.6	54.1	36.5	2.4	7.0	255			
EP00738_Chloropicon_primus.fasta	eukaryota_odb10	89.8	89.8	0.0	3.9	6.3	255			
EP00038_Savillea_parva.fasta	eukaryota_odb10	87.5	85.5	2.0	6.3	6.2	255			
EP00868_Enterocytozoon_bieneusi.fasta	eukaryota_odb10	17.7	16.5	1.2	3.1	79.2	255			
EP00635_Sarcinochrysidales_sp_CCMP3193.fasta	eukaryota_odb10	51.0	50.2	0.8	11.8	37.2	255			
EP00828_Plagiopyla_frontata.fasta	eukaryota_odb10	40.0	24.3	15.7	18.0	42.0	255			
EP00207_Helicosporidium_sp_ATCC50920.fasta	eukaryota_odb10	39.6	39.2	0.4	23.5	36.9	255			
EP00230_Micromonas_polaris.fasta	eukaryota_odb10	75.3	66.7	8.6	6.7	18.0	255			
EP00652_Aphanomyces_astaci.fasta	eukaryota_odb10	95.6	72.5	23.1	0.8	3.6	255			
EP00275_Glaucocystis_incrassata.fasta	eukaryota_odb10	3.5	3.5	0.0	4.7	91.8	255			
EP00199_Chlamydomonas_sp_CCMP681.fasta	eukaryota_odb10	59.2	58.8	0.4	8.6	32.2	255			
EP00139_Candida_albicans.fasta	eukaryota_odb10	95.3	93.7	1.6	2.4	2.3	255			
EP00102_Acyrthosiphon_pisum.fasta	eukaryota_odb10	99.3	67.5	31.8	0.0	0.7	255			
EP00503_Blastocystis_sp_subtype4-isolateWR1.fasta	eukaryota_odb10	60.0	58.4	1.6	11.4	28.6	255			
EP00826_Nyctotherus_ovalis.fasta	eukaryota_odb10	40.8	20.4	20.4	18.0	41.2	255			
EP00541_Cyclophora_tenuis.fasta	eukaryota_odb10	32.5	23.5	9.0	19.6	47.9	255			
EP00795_Rhopilema_esculentum.fasta	eukaryota_odb10	84.7	83.1	1.6	5.1	10.2	255			
EP00549_Striatella_unipunctata.fasta	eukaryota_odb10	39.2	24.3	14.9	19.6	41.2	255			
EP00553_Chaetoceros_curvisetus.fasta	eukaryota_odb10	45.9	45.1	0.8	23.5	30.6	255			
EP01017_Pseudomicrothorax_dubius.fasta	eukaryota_odb10	57.7	22.4	35.3	14.1	28.2	255			
EP00162_Nutomonas_longa.fasta	eukaryota_odb10	51.4	47.5	3.9	27.8	20.8	255			
EP00628_Pelagophyceae_sp_CCMP2097.fasta	eukaryota_odb10	72.5	58.4	14.1	9.0	18.5	255			
EP00797_Seminavis_robusta.fasta	eukaryota_odb10	81.2	75.7	5.5	5.1	13.7	255			
EP00876_Tetrabaena_socialis.fasta	eukaryota_odb10	34.2	32.2	2.0	24.7	41.1	255			
EP00021_Heterostelium_album.fasta	eukaryota_odb10	86.7	85.9	0.8	7.5	5.8	255			
EP00659_Diplonema_papillatum.fasta	eukaryota_odb10	41.6	39.6	2.0	17.3	41.1	255			
EP00222_Ostreococcus_lucimarinus.fasta	eukaryota_odb10	78.1	75.7	2.4	6.7	15.2	255			
EP00046_Monosiga_brevicollis.fasta	eukaryota_odb10	78.8	78.8	0.0	7.5	13.7	255			
EP00350_Pseudokeronopsis_sp_OXSARD2.fasta	eukaryota_odb10	10.2	9.8	0.4	18.0	71.8	255			
EP00893_Bathycoccus_prasinos.fasta	eukaryota_odb10	75.3	74.9	0.4	7.8	16.9	255			
EP00897_Mesotaenium_endlicherianum.fasta	eukaryota_odb10	75.3	74.5	0.8	13.7	11.0	255			
EP00303_Exanthemachrysis_gayraliae.fasta	eukaryota_odb10	47.1	47.1	0.0	14.5	38.4	255			
EP00093_Oithona_nana.fasta	eukaryota_odb10	77.3	75.7	1.6	5.1	17.6	255			
EP00937_MAST-01D_sp_MAST-1D-sp2.fasta	eukaryota_odb10	29.4	28.6	0.8	6.3	64.3	255			
EP01106_Pelomyxa_sp_JSP.fasta	eukaryota_odb10	16.1	9.4	6.7	14.1	69.8	255			
EP00419_Tripos_fusus.fasta	eukaryota_odb10	61.2	51.0	10.2	10.6	28.2	255			
EP00357_Protocruzia_adherens.fasta	eukaryota_odb10	66.3	30.2	36.1	8.2	25.5	255			
EP01127_Copromyxa_protea.fasta	eukaryota_odb10	83.2	71.0	12.2	4.7	12.1	255			
EP00471_Norrisiella_sphaerica.fasta	eukaryota_odb10	57.3	55.7	1.6	10.2	32.5	255			
EP01070_Trichotokara_eunicae.fasta	eukaryota_odb10	9.8	5.1	4.7	22.0	68.2	255			
EP00085_Daphnia_pulex.fasta	eukaryota_odb10	97.6	94.9	2.7	0.4	2.0	255			
EP00666_Eupelagonemidae_sp_cell4sb.fasta	eukaryota_odb10	0.0	0.0	0.0	3.5	96.5	255			
EP00542_Grammatophora_oceanica.fasta	eukaryota_odb10	39.2	38.4	0.8	20.4	40.4	255			
EP00493_Phyllostaurus_siculus.fasta	eukaryota_odb10	0.4	0.4	0.0	11.4	88.2	255			
EP00882_Tetradesmus_deserticola.fasta	eukaryota_odb10	43.9	20.8	23.1	29.0	27.1	255			
EP00137_Aspergillus_oryzae.fasta	eukaryota_odb10	88.6	88.6	0.0	2.7	8.7	255			
EP00341_Mesodinium_pulex.fasta	eukaryota_odb10	9.8	6.7	3.1	5.1	85.1	255			
EP00619_Florenciella_sp_RCC1007.fasta	eukaryota_odb10	14.5	14.5	0.0	18.4	67.1	255			
EP01045_Picozoa_sp_COSAG04.fasta	eukaryota_odb10	14.9	14.9	0.0	18.4	66.7	255			
EP01027_Heterolobosea_sp_BB2.fasta	eukaryota_odb10	61.9	48.2	13.7	25.5	12.6	255			
EP00418_Pyrodinium_bahamense.fasta	eukaryota_odb10	62.7	45.1	17.6	10.2	27.1	255			
EP00136_Aspergillus_niger.fasta	eukaryota_odb10	97.3	96.1	1.2	0.4	2.3	255			
EP01129_Flabellula_baltica.fasta	eukaryota_odb10	80.8	69.4	11.4	4.3	14.9	255			
EP01116_Phalansterium_solitarium.fasta	eukaryota_odb10	76.9	70.6	6.3	8.6	14.5	255			
EP00920_Eleutheroschizon_duboscqi.fasta	eukaryota_odb10	43.9	17.6	26.3	18.0	38.1	255			
EP00914_Ancora_sagittata.fasta	eukaryota_odb10	49.4	24.7	24.7	21.6	29.0	255			
EP00656_Telonema_subtile.fasta	eukaryota_odb10	82.0	51.8	30.2	8.6	9.4	255			
EP01109_Acytostelium_subglobosum.fasta	eukaryota_odb10	91.0	89.4	1.6	4.3	4.7	255			
EP00957_Ditylum_brightwellii.fasta	eukaryota_odb10	7.1	7.1	0.0	30.6	62.3	255			
EP00573_Skeletonema_grethae.fasta	eukaryota_odb10	45.5	45.1	0.4	11.0	43.5	255			
EP00261_Vitis_vinifera.fasta	eukaryota_odb10	99.2	57.6	41.6	0.0	0.8	255			
EP00078_Anolis_carolinensis.fasta	eukaryota_odb10	94.9	73.7	21.2	1.6	3.5	255			
EP00051_Salpingoeca_urceolata.fasta	eukaryota_odb10	92.6	87.1	5.5	4.3	3.1	255			
EP01029_Cantina_marsupialis.fasta	eukaryota_odb10	71.8	61.2	10.6	6.7	21.5	255			
EP00861_Lobosporangium_transversale.fasta	eukaryota_odb10	98.0	95.3	2.7	0.8	1.2	255			
EP00918_Siedleckia_nematoides.fasta	eukaryota_odb10	49.4	29.8	19.6	18.8	31.8	255			
EP00110_Nematostella_vectensis.fasta	eukaryota_odb10	93.4	91.4	2.0	5.5	1.1	255			
EP00353_Schmidingerella_taraikaensis.fasta	eukaryota_odb10	19.2	18.8	0.4	19.6	61.2	255			
EP01132_Coremiostelium_polycephalum.fasta	eukaryota_odb10	91.3	87.8	3.5	4.3	4.4	255			
EP00149_Cryptococcus_neoformans.fasta	eukaryota_odb10	96.0	92.9	3.1	2.7	1.3	255			
EP00803_Ostreobium_quekettii.fasta	eukaryota_odb10	71.0	67.5	3.5	8.6	20.4	255			
EP00310_Coccolithus_braarudii.fasta	eukaryota_odb10	61.6	59.2	2.4	12.2	26.2	255			
EP01039_Chlorochromonas_danica.fasta	eukaryota_odb10	83.6	77.3	6.3	5.1	11.3	255			
EP00339_Tiarina_fusa.fasta	eukaryota_odb10	66.3	39.6	26.7	7.8	25.9	255			
EP00964_Phaeocystis_antarctica.fasta	eukaryota_odb10	12.5	12.5	0.0	21.6	65.9	255			
EP00231_Micromonas_pusilla.fasta	eukaryota_odb10	80.4	79.6	0.8	5.5	14.1	255			
EP00396_MALV-II-16_sp_LP-1.fasta	eukaryota_odb10	2.0	2.0	0.0	1.6	96.4	255			
EP00617_Octactis_speculum.fasta	eukaryota_odb10	62.4	62.0	0.4	13.7	23.9	255			
EP01137_Pigoraptor_chileana.fasta	eukaryota_odb10	63.1	50.6	12.5	7.5	29.4	255			
EP00829_Urostomides_striatus.fasta	eukaryota_odb10	18.4	10.6	7.8	16.1	65.5	255			
EP00561_Arcocellulus_cornucervis.fasta	eukaryota_odb10	49.4	49.0	0.4	15.7	34.9	255			
EP00763_Giardia_muris.fasta	eukaryota_odb10	22.4	21.2	1.2	7.1	70.5	255			
EP00235_Prasinoderma_singulare.fasta	eukaryota_odb10	52.9	52.9	0.0	18.8	28.3	255			
EP00106_Octopus_bimaculoides.fasta	eukaryota_odb10	92.9	73.7	19.2	5.9	1.2	255			
EP00677_Phytomonas_sp_EM1.fasta	eukaryota_odb10	47.9	47.1	0.8	9.8	42.3	255			
EP01011_Urceolus_sp_BLP5.fasta	eukaryota_odb10	1.6	0.8	0.8	3.5	94.9	255			
EP00843_Neocallimastix_californiae.fasta	eukaryota_odb10	88.6	60.4	28.2	1.6	9.8	255			
EP01053_Blabericola_migrator.fasta	eukaryota_odb10	34.9	24.3	10.6	15.3	49.8	255			
EP00105_Crassostrea_gigas.fasta	eukaryota_odb10	98.8	75.3	23.5	1.2	0.0	255			
EP00113_Trichoplax_adhaerens.fasta	eukaryota_odb10	92.9	92.5	0.4	4.7	2.4	255			
EP01064_Diplonema_japonicum.fasta	eukaryota_odb10	73.0	60.8	12.2	5.1	21.9	255			
EP00386_Alphamonas_edax.fasta	eukaryota_odb10	30.6	29.0	1.6	17.6	51.8	255			
EP00999_Lentomonas_sp_LEN2.fasta	eukaryota_odb10	8.2	7.8	0.4	5.9	85.9	255			
EP00104_Lingula_anatina.fasta	eukaryota_odb10	98.4	57.6	40.8	1.2	0.4	255			
EP00480_Reticulomyxa_filosa.fasta	eukaryota_odb10	41.6	36.5	5.1	23.9	34.5	255			
EP00936_MAST-01D_sp_MAST-1D-sp1.fasta	eukaryota_odb10	15.7	15.3	0.4	3.5	80.8	255			
EP00841_Caulochytrium_protostelioides.fasta	eukaryota_odb10	84.7	83.9	0.8	6.7	8.6	255			
EP00906_Rhabdomonas_costata.fasta	eukaryota_odb10	62.7	60.0	2.7	14.5	22.8	255			
EP00376_Eimeria_tenella.fasta	eukaryota_odb10	33.3	32.9	0.4	18.0	48.7	255			
EP00613_Pedinella_sp_CCMP2098.fasta	eukaryota_odb10	73.8	61.6	12.2	9.8	16.4	255			
EP00291_Cryptomonas_curvata.fasta	eukaryota_odb10	41.6	34.5	7.1	15.7	42.7	255			
EP00392_Amoebophrya_sp_AT5.2.fasta	eukaryota_odb10	50.2	48.6	1.6	14.5	35.3	255			
EP00683_Trypanosoma_rangeli.fasta	eukaryota_odb10	53.4	51.4	2.0	9.4	37.2	255			
EP00178_Gracilaria_changii.fasta	eukaryota_odb10	32.2	16.1	16.1	11.4	56.4	255			
EP00109_Schistosoma_mansoni.fasta	eukaryota_odb10	87.5	80.8	6.7	6.7	5.8	255			
EP00314_Emiliania_huxleyi.fasta	eukaryota_odb10	56.1	40.4	15.7	17.3	26.6	255			
EP00413_Alexandrium_margalefii.fasta	eukaryota_odb10	43.9	39.6	4.3	14.5	41.6	255			
EP00186_Timspurckia_oligopyrenoides.fasta	eukaryota_odb10	38.8	38.4	0.4	11.0	50.2	255			
EP00597_Dinobryon_sp_UTEXLB2267.fasta	eukaryota_odb10	62.4	56.9	5.5	9.4	28.2	255			
EP00761_Pharyngomonas_kirbyi.fasta	eukaryota_odb10	85.1	83.9	1.2	6.7	8.2	255			
EP01028_Stygiella_incarcerata.fasta	eukaryota_odb10	68.6	49.4	19.2	6.3	25.1	255			
EP00031_Thecamonas_trahens.fasta	eukaryota_odb10	81.6	81.6	0.0	7.1	11.3	255			
EP00454_Perkinsus_marinus.fasta	eukaryota_odb10	57.2	33.3	23.9	13.7	29.1	255			
EP00674_Leishmania_major.fasta	eukaryota_odb10	53.4	51.0	2.4	10.2	36.4	255			
EP00813_Pythium_oligandrum.fasta	eukaryota_odb10	96.5	94.9	1.6	0.8	2.7	255			
EP00415_Alexandrium_ostenfeldii.fasta	eukaryota_odb10	1.2	1.2	0.0	2.4	96.4	255			
EP00641_Albugo_candida.fasta	eukaryota_odb10	88.6	69.8	18.8	3.1	8.3	255			
EP00995_Heteronema_vittatum.fasta	eukaryota_odb10	5.9	4.7	1.2	5.1	89.0	255			
EP00889_Picochlorum_renovo.fasta	eukaryota_odb10	51.8	51.4	0.4	23.1	25.1	255			
EP01126_Amoeba_proteus.fasta	eukaryota_odb10	74.9	23.9	51.0	9.4	15.7	255			
EP00640_Fibrocapsa_japonica.fasta	eukaryota_odb10	35.3	34.1	1.2	17.3	47.4	255			
EP00006_Acanthamoeba_castellanii.fasta	eukaryota_odb10	77.7	76.1	1.6	6.3	16.0	255			
EP00758_Cryptobia_borreli.fasta	eukaryota_odb10	38.5	26.3	12.2	15.3	46.2	255			
EP00151_Rhizophagus_irregularis.fasta	eukaryota_odb10	94.9	93.7	1.2	2.0	3.1	255			
EP00863_Basidiobolus_meristosporus.fasta	eukaryota_odb10	98.1	81.6	16.5	1.2	0.7	255			
EP00146_Coprinopsis_cinerea.fasta	eukaryota_odb10	92.9	92.5	0.4	4.3	2.8	255			
EP00088_Acartia_fossae.fasta	eukaryota_odb10	92.6	11.0	81.6	5.5	1.9	255			
EP00299_Pterocystis_sp_00344.fasta	eukaryota_odb10	80.0	68.6	11.4	6.7	13.3	255			
EP00917_Polyrhabdina_sp_WS-2016.fasta	eukaryota_odb10	41.5	23.1	18.4	9.4	49.1	255			
EP00479_Gromia_sphaerica.fasta	eukaryota_odb10	2.0	1.6	0.4	13.3	84.7	255			
EP01128_Nolandella_sp_AFSM9.fasta	eukaryota_odb10	72.6	66.3	6.3	10.6	16.8	255			
EP01010_Urceolus_cornutus.fasta	eukaryota_odb10	8.3	6.7	1.6	2.7	89.0	255			
EP00112_Aurelia_sp_Birch-Aquarium-sp1.fasta	eukaryota_odb10	67.4	59.6	7.8	9.4	23.2	255			
EP00855_Neolecta_irregularis.fasta	eukaryota_odb10	82.4	81.2	1.2	7.5	10.1	255			
EP00735_Rhodelphis_limneticus.fasta	eukaryota_odb10	66.7	65.9	0.8	16.9	16.4	255			
EP00520_Triparma_pacifica.fasta	eukaryota_odb10	51.7	39.2	12.5	18.4	29.9	255			
EP00254_Amborella_trichopoda.fasta	eukaryota_odb10	99.2	45.1	54.1	0.8	0.0	255			
EP00912_Choanoflagellata_sp_UC4.fasta	eukaryota_odb10	5.1	5.1	0.0	2.7	92.2	255			
EP00727_Mastigamoeba_balamuthi.fasta	eukaryota_odb10	80.0	77.6	2.4	4.3	15.7	255			
EP00175_Furcellaria_lumbricalis.fasta	eukaryota_odb10	0.4	0.4	0.0	0.8	98.8	255			
EP00588_Corethron_pennatum.fasta	eukaryota_odb10	57.6	52.5	5.1	20.0	22.4	255			
EP00924_Labyrinthula_sp_SR-Ha-C.fasta	eukaryota_odb10	60.4	58.0	2.4	9.0	30.6	255			
EP00288_Rhodomonas_lens.fasta	eukaryota_odb10	43.9	37.6	6.3	9.0	47.1	255			
EP00563_Minutocellus_polymorphus.fasta	eukaryota_odb10	70.2	66.3	3.9	10.2	19.6	255			
EP00133_Fusarium_graminearum.fasta	eukaryota_odb10	98.4	98.0	0.4	1.6	0.0	255			
EP00012_Vannella_robusta.fasta	eukaryota_odb10	63.1	47.8	15.3	9.0	27.9	255			
EP00827_Trimyema_finlayi.fasta	eukaryota_odb10	5.8	3.1	2.7	7.5	86.7	255			
EP00596_Hydrurales_sp_CCMP1899.fasta	eukaryota_odb10	53.3	52.9	0.4	11.0	35.7	255			
EP00530_Phaeodactylum_tricornutum.fasta	eukaryota_odb10	78.9	76.9	2.0	5.9	15.2	255			
EP00899_Mesostigma_viride.fasta	eukaryota_odb10	87.1	70.2	16.9	6.7	6.2	255			
EP00625_Aureococcus_anophagefferens.fasta	eukaryota_odb10	52.9	49.8	3.1	11.4	35.7	255			
EP01033_Poteriospumella_lacustris.fasta	eukaryota_odb10	69.0	54.9	14.1	12.5	18.5	255			
EP00358_Blepharisma_japonicum.fasta	eukaryota_odb10	25.9	21.2	4.7	11.0	63.1	255			
EP00523_Entomoneis_sp_CCMP467.fasta	eukaryota_odb10	68.7	62.0	6.7	7.8	23.5	255			
EP00157_Rozella_allomycis.fasta	eukaryota_odb10	71.4	71.4	0.0	11.4	17.2	255			
EP00198_Chlamydomonas_reinhardtii.fasta	eukaryota_odb10	76.5	76.5	0.0	12.5	11.0	255			
EP00771_Trimastix_marina.fasta	eukaryota_odb10	44.7	43.1	1.6	5.5	49.8	255			
EP00042_Codosiga_hollandica.fasta	eukaryota_odb10	88.7	76.9	11.8	5.9	5.4	255			
EP00302_Diacronema_sp_CCMP2436.fasta	eukaryota_odb10	76.5	64.7	11.8	10.2	13.3	255			
EP00869_Nematocida_parisii.fasta	eukaryota_odb10	25.1	24.7	0.4	4.3	70.6	255			
EP00734_Pompholyxophrys_sp_LG126.fasta	eukaryota_odb10	0.4	0.4	0.0	2.7	96.9	255			
EP00398_MALV-I-01_sp_L67-1.fasta	eukaryota_odb10	7.1	7.1	0.0	0.8	92.1	255			
EP00216_Chloropicon_sp_CCMP2111.fasta	eukaryota_odb10	54.1	53.7	0.4	11.4	34.5	255			
EP00461_Guttulinopsis_vulgaris.fasta	eukaryota_odb10	11.4	11.0	0.4	16.9	71.7	255			
EP00300_Choanocystis_sp_HF-7.fasta	eukaryota_odb10	88.2	49.4	38.8	4.3	7.5	255			
EP01038_Epipyxis_sp_PR26KG.fasta	eukaryota_odb10	78.5	77.3	1.2	7.1	14.4	255			
EP00435_Cladocopium_sp_Y103.fasta	eukaryota_odb10	47.4	33.7	13.7	16.1	36.5	255			
EP00449_Zooxanthella_nutricula.fasta	eukaryota_odb10	49.0	44.3	4.7	13.7	37.3	255			
EP00026_Physarum_polycephalum.fasta	eukaryota_odb10	80.8	78.4	2.4	5.9	13.3	255			
EP00971_Amphidinium_carterae.fasta	eukaryota_odb10	1.6	1.6	0.0	17.3	81.1	255			
EP01095_Lingulamoeba_sp_RSL-Kostka.fasta	eukaryota_odb10	64.3	57.6	6.7	19.2	16.5	255			
EP00451_Oxyrrhis_marina.fasta	eukaryota_odb10	64.0	56.5	7.5	11.0	25.0	255			
EP00545_Synedropsis_sp_CCMP1620.fasta	eukaryota_odb10	49.0	48.6	0.4	11.4	39.6	255			
EP00552_Chaetoceros_brevis.fasta	eukaryota_odb10	9.0	8.6	0.4	11.4	79.6	255			
EP01051_Picozoa_sp_SAG22.fasta	eukaryota_odb10	7.1	6.3	0.8	12.9	80.0	255			
EP00252_Welwitschia_mirabilis.fasta	eukaryota_odb10	76.8	53.7	23.1	15.3	7.9	255			
EP00243_Klebsormidium_subtile.fasta	eukaryota_odb10	23.2	22.4	0.8	25.9	50.9	255			
EP00070_Physeter_catodon.fasta	eukaryota_odb10	96.9	47.1	49.8	2.7	0.4	255			
EP00832_Piromyces_sp_E2.fasta	eukaryota_odb10	44.7	44.3	0.4	22.4	32.9	255			
EP00101_Apis_mellifera.fasta	eukaryota_odb10	99.2	73.3	25.9	0.4	0.4	255			
EP00374_Theileria_orientalis.fasta	eukaryota_odb10	49.1	47.5	1.6	9.8	41.1	255			
EP00867_Encephalitozoon_hellem.fasta	eukaryota_odb10	29.8	29.4	0.4	6.7	63.5	255			
EP00465_Bigelowiella_longifila.fasta	eukaryota_odb10	42.0	41.2	0.8	22.0	36.0	255			
EP00611_Tribonema_gayanum.fasta	eukaryota_odb10	58.8	47.8	11.0	13.3	27.9	255			
EP01107_Rhizomastix_libera.fasta	eukaryota_odb10	65.1	52.2	12.9	11.4	23.5	255			
EP00510_Aplanochytrium_minuta.fasta	eukaryota_odb10	56.9	54.5	2.4	11.4	31.7	255			
EP00421_Protoceratium_reticulatum.fasta	eukaryota_odb10	52.2	42.4	9.8	14.9	32.9	255			
EP00732_Lithocolla_globosa.fasta	eukaryota_odb10	23.5	23.1	0.4	10.2	66.3	255			
EP00629_Pelagomonadales_sp_RCC1024.fasta	eukaryota_odb10	45.1	44.7	0.4	12.9	42.0	255			
EP00206_Coccomyxa_subellipsoidea.fasta	eukaryota_odb10	85.9	84.7	1.2	4.7	9.4	255			
EP00076_Gallus_gallus.fasta	eukaryota_odb10	99.6	63.5	36.1	0.0	0.4	255			
EP00543_Licmophora_paradoxa.fasta	eukaryota_odb10	38.8	38.0	0.8	21.6	39.6	255			
EP00757_Euglenozoa_sp_SAG-D1.fasta	eukaryota_odb10	2.8	2.4	0.4	7.1	90.1	255			
EP00283_Hemiselmis_rufescens.fasta	eukaryota_odb10	53.4	52.2	1.2	20.0	26.6	255			
EP01008_Symbiontida_sp_HLA12.fasta	eukaryota_odb10	1.2	1.2	0.0	5.9	92.9	255			
EP00691_Histiona_aroides.fasta	eukaryota_odb10	2.0	2.0	0.0	5.9	92.1	255			
EP00769_Ergobibamus_cyprinoides.fasta	eukaryota_odb10	13.8	11.8	2.0	11.4	74.8	255			
EP01019_Chilodonella_uncinata.fasta	eukaryota_odb10	4.3	4.3	0.0	13.7	82.0	255			
EP00336_Pseudocohnilembus_persalinus.fasta	eukaryota_odb10	56.5	55.7	0.8	8.2	35.3	255			
EP00444_Apocalathium_aciculiferum.fasta	eukaryota_odb10	60.4	51.4	9.0	11.8	27.8	255			
EP01124_Arcella_intermedia.fasta	eukaryota_odb10	84.7	71.4	13.3	1.6	13.7	255			
EP00792_Barthelona_sp_PAP020.fasta	eukaryota_odb10	44.7	36.5	8.2	7.5	47.8	255			
EP00814_Leptocylindrus_danicus.fasta	eukaryota_odb10	66.3	45.1	21.2	12.5	21.2	255			
EP00074_Homo_sapiens.fasta	eukaryota_odb10	100.0	37.6	62.4	0.0	0.0	255			
EP00604_Paraphysomonas_vestita.fasta	eukaryota_odb10	15.3	15.3	0.0	9.0	75.7	255			
EP00176_Chondrus_crispus.fasta	eukaryota_odb10	64.0	62.0	2.0	7.5	28.5	255			
EP00210_Caulerpa_lentillifera.fasta	eukaryota_odb10	69.8	67.8	2.0	6.7	23.5	255			
EP00818_Percolomonas_sp_WS.fasta	eukaryota_odb10	58.4	43.5	14.9	3.9	37.7	255			
EP00537_Pseudo-nitzschia_pungens.fasta	eukaryota_odb10	67.5	60.8	6.7	9.0	23.5	255			
EP00865_Coemansia_reversa.fasta	eukaryota_odb10	93.3	93.3	0.0	3.9	2.8	255			
EP00095_Tigriopus_kingsejongensis.fasta	eukaryota_odb10	69.8	62.0	7.8	4.7	25.5	255			
EP00456_Euglypha_rotunda.fasta	eukaryota_odb10	20.0	12.5	7.5	29.0	51.0	255			
EP00754_Rhynchopus_humris.fasta	eukaryota_odb10	68.2	49.4	18.8	8.2	23.6	255			
EP00567_Pseudictyota_dubia.fasta	eukaryota_odb10	24.3	23.9	0.4	10.2	65.5	255			
EP00965_Chrysotila_dentata.fasta	eukaryota_odb10	6.7	6.3	0.4	16.5	76.8	255			
EP00362_Geleiidae_sp_MMETSP1317.fasta	eukaryota_odb10	2.7	2.7	0.0	1.6	95.7	255			
EP00614_Pseudopedinella_elastica.fasta	eukaryota_odb10	62.3	59.6	2.7	17.6	20.1	255			
EP00293_Proteomonas_sulcata.fasta	eukaryota_odb10	28.7	27.1	1.6	26.3	45.0	255			
EP00879_Flechtneria_rotunda.fasta	eukaryota_odb10	70.2	44.7	25.5	14.9	14.9	255			
EP00608_Synchroma_pusillum.fasta	eukaryota_odb10	47.9	47.5	0.4	17.6	34.5	255			
EP00116_Pleurobrachia_bachei.fasta	eukaryota_odb10	47.5	47.5	0.0	18.0	34.5	255			
EP00896_Chara_braunii.fasta	eukaryota_odb10	78.9	71.8	7.1	11.4	9.7	255			
EP00041_Stephanoeca_diplocostata.fasta	eukaryota_odb10	90.2	88.2	2.0	3.1	6.7	255			
EP00533_Pseudo-nitzschia_delicatissima.fasta	eukaryota_odb10	72.9	68.2	4.7	6.7	20.4	255			
EP00740_Mantoniella_antarctica.fasta	eukaryota_odb10	66.7	59.2	7.5	15.3	18.0	255			
EP01085_Mycamoeba_gemmipara.fasta	eukaryota_odb10	6.7	6.7	0.0	8.6	84.7	255			
EP00610_Laminaria_digitata.fasta	eukaryota_odb10	0.0	0.0	0.0	0.4	99.6	255			
EP00056_Hartaetosiga_gracilis.fasta	eukaryota_odb10	88.3	86.3	2.0	5.9	5.8	255			
EP01013_Petalomonas_cantuscygni.fasta	eukaryota_odb10	29.4	26.7	2.7	21.6	49.0	255			
EP00140_Debaryomyces_hansenii.fasta	eukaryota_odb10	92.2	91.8	0.4	3.1	4.7	255			
EP00952_Eustigmatos_sp_NYUAD-ZCMA.fasta	eukaryota_odb10	0.0	0.0	0.0	3.9	96.1	255			
EP00323_Chrysochromulina_tobinii.fasta	eukaryota_odb10	53.0	52.2	0.8	9.8	37.2	255			
EP00009_Paramoeba_aestuarina.fasta	eukaryota_odb10	59.2	55.7	3.5	14.1	26.7	255			
EP00065_Mola_mola.fasta	eukaryota_odb10	96.5	80.8	15.7	2.0	1.5	255			
EP00840_Blyttiomyces_helicus.fasta	eukaryota_odb10	42.4	41.6	0.8	18.8	38.8	255			
EP00438_Fugacium_kawagutii.fasta	eukaryota_odb10	13.0	12.2	0.8	14.5	72.5	255			
EP00622_Pseudochattonella_farcimen.fasta	eukaryota_odb10	6.3	4.7	1.6	8.2	85.5	255			
EP00812_Abedinium_dasypus.fasta	eukaryota_odb10	5.5	5.5	0.0	3.9	90.6	255			
EP00236_Picocystis_salinarum.fasta	eukaryota_odb10	80.0	77.3	2.7	3.9	16.1	255			
EP00255_Erythranthe_guttata.fasta	eukaryota_odb10	98.8	73.7	25.1	0.8	0.4	255			
EP00375_Theileria_parva.fasta	eukaryota_odb10	45.9	45.5	0.4	11.0	43.1	255			
EP00768_Dysnectes_brevis.fasta	eukaryota_odb10	32.2	32.2	0.0	12.9	54.9	255			
EP00213_Chloropicon_mariensis.fasta	eukaryota_odb10	64.7	64.3	0.4	10.6	24.7	255			
EP00329_Picozoa_sp_Boothbay-MS584-11.fasta	eukaryota_odb10	10.2	10.2	0.0	11.8	78.0	255			
EP00005_Dracoamoeba_jomungandri.fasta	eukaryota_odb10	66.3	65.5	0.8	9.8	23.9	255			
EP01054_Gregarina_sp_Poly1.fasta	eukaryota_odb10	34.9	23.1	11.8	15.3	49.8	255			
EP00806_Schmidingerella_arcuata.fasta	eukaryota_odb10	11.0	0.4	10.6	7.5	81.5	255			
EP00395_MALV-II_sp_L67-2.fasta	eukaryota_odb10	0.4	0.4	0.0	0.4	99.2	255			
EP00560_Eucampia_antarctica.fasta	eukaryota_odb10	45.5	44.7	0.8	14.5	40.0	255			
EP00846_Dimargaris_cristalligena.fasta	eukaryota_odb10	88.6	88.2	0.4	3.5	7.9	255			
EP00903_Cladosiphon_okamuranus.fasta	eukaryota_odb10	90.2	78.8	11.4	2.7	7.1	255			
EP00676_Leptomonas_seymouri.fasta	eukaryota_odb10	56.5	54.9	1.6	7.8	35.7	255			
EP00155_Edhazardia_aedis.fasta	eukaryota_odb10	27.9	27.5	0.4	4.3	67.8	255			
EP00557_Chaetoceros_sp_GSL56.fasta	eukaryota_odb10	67.1	39.6	27.5	4.7	28.2	255			
EP01063_Lacrimia_lanifica.fasta	eukaryota_odb10	72.1	63.5	8.6	7.1	20.8	255			
EP00839_Anaeromyces_robustus.fasta	eukaryota_odb10	84.7	83.1	1.6	2.7	12.6	255			
EP00333_Tetrahymena_thermophila.fasta	eukaryota_odb10	76.9	72.2	4.7	3.9	19.2	255			
EP00437_Effrenium_voratum.fasta	eukaryota_odb10	53.0	21.6	31.4	9.0	38.0	255			
EP00989_Cryptosporidium_parvum.fasta	eukaryota_odb10	51.0	50.6	0.4	7.8	41.2	255			
EP00953_Heterococcus_sp_UTEX-ZZ885.fasta	eukaryota_odb10	22.7	14.9	7.8	22.0	55.3	255			
EP00961_Rhodomonas_salina.fasta	eukaryota_odb10	4.3	3.5	0.8	16.1	79.6	255			
EP00090_Calanus_glacialis.fasta	eukaryota_odb10	96.8	83.9	12.9	2.4	0.8	255			
EP00242_Pyramimonas_sp_CCMP2087.fasta	eukaryota_odb10	67.1	65.9	1.2	10.6	22.3	255			
EP00446_Apocalathium_sp_SHHI-4.fasta	eukaryota_odb10	65.9	53.7	12.2	8.2	25.9	255			
EP00260_Arabidopsis_thaliana.fasta	eukaryota_odb10	100.0	42.7	57.3	0.0	0.0	255			
EP01133_Synstelium_polycarpum.fasta	eukaryota_odb10	72.9	68.2	4.7	14.9	12.2	255			
EP00844_Piromyces_finnis.fasta	eukaryota_odb10	88.7	87.5	1.2	0.8	10.5	255			
EP00132_Gonapodya_prolifera.fasta	eukaryota_odb10	91.0	89.8	1.2	3.5	5.5	255			
EP00638_Chattonella_subsalsa.fasta	eukaryota_odb10	72.2	66.3	5.9	10.2	17.6	255			
EP00668_Euglena_longa.fasta	eukaryota_odb10	83.5	71.0	12.5	6.7	9.8	255			
EP00660_Eupelagonema_oceanica.fasta	eukaryota_odb10	0.0	0.0	0.0	1.2	98.8	255			
EP00010_Vexillifera_abyssalis.fasta	eukaryota_odb10	53.7	53.7	0.0	16.9	29.4	255			
EP00025_Tieghemostelium_lacteum.fasta	eukaryota_odb10	91.0	90.2	0.8	4.7	4.3	255			
EP00068_Latimeria_chalumnae.fasta	eukaryota_odb10	96.1	74.1	22.0	2.7	1.2	255			
EP00286_Rhodomonas_abbreviata.fasta	eukaryota_odb10	49.4	38.8	10.6	14.5	36.1	255			
EP00973_Karenia_brevis.fasta	eukaryota_odb10	0.0	0.0	0.0	1.6	98.4	255			
EP01097_Dermamoeba_algensis.fasta	eukaryota_odb10	49.8	38.8	11.0	10.6	39.6	255			
EP00001_Collodictyon_triciliatum.fasta	eukaryota_odb10	6.7	5.9	0.8	25.9	67.4	255			
EP00799_Chlamydomonas_eustigma.fasta	eukaryota_odb10	91.4	87.1	4.3	3.5	5.1	255			
EP01094_Clydonella_sp_ATCC50884.fasta	eukaryota_odb10	76.4	62.7	13.7	13.7	9.9	255			
EP00847_Piptocephalis_cylindrospora.fasta	eukaryota_odb10	50.6	50.2	0.4	9.8	39.6	255			
EP00885_Auxenochlorella_protothecoides.fasta	eukaryota_odb10	76.5	76.5	0.0	9.4	14.1	255			
EP00301_Raphidiophrys_heterophryoidea.fasta	eukaryota_odb10	82.4	65.9	16.5	7.8	9.8	255			
EP00554_Chaetoceros_debilis.fasta	eukaryota_odb10	76.5	71.8	4.7	5.9	17.6	255			
EP00913_Durusdinium_trenchii.fasta	eukaryota_odb10	27.8	23.1	4.7	25.5	46.7	255			
EP00428_Durinskia_dybowskii.fasta	eukaryota_odb10	73.7	39.6	34.1	8.6	17.7	255			
EP00970_Alexandrium_tamarense.fasta	eukaryota_odb10	62.8	61.6	1.2	16.9	20.3	255			
EP00933_Yihiella_yeosuensis.fasta	eukaryota_odb10	65.1	53.7	11.4	14.9	20.0	255			
EP00256_Glycine_max.fasta	eukaryota_odb10	100.0	16.9	83.1	0.0	0.0	255			
EP00618_Florenciella_parvula.fasta	eukaryota_odb10	45.9	44.3	1.6	17.3	36.8	255			
EP00224_Ostreococcus_tauri.fasta	eukaryota_odb10	80.4	80.0	0.4	5.9	13.7	255			
EP00192_Tetraselmis_astigmatica.fasta	eukaryota_odb10	76.8	53.3	23.5	8.2	15.0	255			
EP01056_Protomagalhaensia_sp_Gyna25.fasta	eukaryota_odb10	28.6	20.8	7.8	14.5	56.9	255			
EP00215_Chloropicon_roscoffensis.fasta	eukaryota_odb10	70.2	59.6	10.6	10.2	19.6	255			
EP00880_Monoraphidium_neglectum.fasta	eukaryota_odb10	49.0	49.0	0.0	23.1	27.9	255			
EP00733_Pompholyxophrys_punicea.fasta	eukaryota_odb10	2.0	2.0	0.0	5.1	92.9	255			
EP00166_Cyanidium_caldarium.fasta	eukaryota_odb10	21.2	21.2	0.0	18.0	60.8	255			
EP00321_Phaeocystis_globosa.fasta	eukaryota_odb10	40.0	39.2	0.8	8.2	51.8	255			
EP00043_Microstomoeca_roanoka.fasta	eukaryota_odb10	93.3	90.6	2.7	2.7	4.0	255			
EP00172_Hildenbrandia_rubra.fasta	eukaryota_odb10	32.2	32.2	0.0	8.6	59.2	255			
EP00590_Aulacoseira_subarctica.fasta	eukaryota_odb10	59.2	58.8	0.4	9.0	31.8	255			
EP00296_Roombia_truncata.fasta	eukaryota_odb10	17.6	14.5	3.1	15.3	67.1	255			
EP01138_Halocafeteria_seosinensis.fasta	eukaryota_odb10	83.9	78.0	5.9	5.1	11.0	255			
EP00539_Tryblionella_compressa.fasta	eukaryota_odb10	55.7	49.4	6.3	17.6	26.7	255			
EP00245_Coleochaete_scutata.fasta	eukaryota_odb10	46.2	43.5	2.7	30.6	23.2	255			
EP01059_Diplonema_ambulator.fasta	eukaryota_odb10	66.3	56.9	9.4	8.6	25.1	255			
EP00129_Allomyces_macrogynus.fasta	eukaryota_odb10	92.1	23.9	68.2	3.5	4.4	255			
EP00521_Asterionellopsis_glacialis.fasta	eukaryota_odb10	63.6	61.2	2.4	14.1	22.3	255			
EP00356_Strombidium_inclinatum.fasta	eukaryota_odb10	33.8	32.2	1.6	11.0	55.2	255			
EP00661_Eupelagonemidae_sp_cell13.fasta	eukaryota_odb10	0.4	0.4	0.0	0.4	99.2	255			
EP00694_Reclinomonas_americana.fasta	eukaryota_odb10	12.9	12.5	0.4	14.5	72.6	255			
EP00259_Arabidopsis_lyrata.fasta	eukaryota_odb10	99.6	52.5	47.1	0.4	0.0	255			
EP00986_Skeletonema_menzelii.fasta	eukaryota_odb10	71.4	69.8	1.6	12.2	16.4	255			
EP00159_Fonticula_alba.fasta	eukaryota_odb10	70.9	68.2	2.7	10.6	18.5	255			
EP00860_Wallemia_mellicola.fasta	eukaryota_odb10	90.6	89.8	0.8	5.5	3.9	255			
EP00665_Eupelagonemidae_sp_cell47.fasta	eukaryota_odb10	1.2	1.2	0.0	1.6	97.2	255			
EP01037_Dinobryon_pediforme.fasta	eukaryota_odb10	17.3	11.4	5.9	29.4	53.3	255			
EP00884_Botryococcus_braunii.fasta	eukaryota_odb10	67.1	59.6	7.5	18.0	14.9	255			
EP00601_Ochromonadales_sp_CCMP2298.fasta	eukaryota_odb10	66.7	57.3	9.4	16.5	16.8	255			
EP00477_Mikrocytos_mackini.fasta	eukaryota_odb10	10.2	10.2	0.0	4.3	85.5	255			
EP00306_Pavlova_sp_CCMP459.fasta	eukaryota_odb10	45.9	42.0	3.9	10.2	43.9	255			
EP00475_Leptophrys_vorax.fasta	eukaryota_odb10	71.8	45.9	25.9	15.3	12.9	255			
EP00632_Arachnochrysis_sp_CCMP2950.fasta	eukaryota_odb10	43.9	43.5	0.4	16.9	39.2	255			
EP00047_Mylnosiga_fluctuans.fasta	eukaryota_odb10	93.3	90.2	3.1	3.9	2.8	255			
EP00744_Colponema_vietnamica.fasta	eukaryota_odb10	63.6	56.5	7.1	16.1	20.3	255			
EP00536_Pseudo-nitzschia_multiseries.fasta	eukaryota_odb10	76.1	75.7	0.4	8.6	15.3	255			
EP00531_Pseudo-nitzschia_arenysensis.fasta	eukaryota_odb10	68.6	43.1	25.5	7.5	23.9	255			
EP00801_Mesodinium_rubrum.fasta	eukaryota_odb10	21.6	20.4	1.2	9.8	68.6	255			
EP00411_Alexandrium_monilatum.fasta	eukaryota_odb10	69.4	53.7	15.7	9.4	21.2	255			
EP01035_Chromulina_nebulosa.fasta	eukaryota_odb10	51.8	40.8	11.0	22.4	25.8	255			
EP00804_Cyclotella_cryptica.fasta	eukaryota_odb10	75.3	60.8	14.5	8.6	16.1	255			
EP00902_Fistulifera_solaris.fasta	eukaryota_odb10	77.7	10.6	67.1	6.3	16.0	255			
EP00023_Dictyostelium_discoideum.fasta	eukaryota_odb10	93.7	89.8	3.9	1.6	4.7	255			
EP00631_Chrysoreinhardia_giraudii.fasta	eukaryota_odb10	15.3	14.9	0.4	11.4	73.3	255			
EP00945_MAST-04E_sp_MAST-4E-sp1.fasta	eukaryota_odb10	57.3	56.5	0.8	5.9	36.8	255			
EP00408_Alexandrium_pacificum.fasta	eukaryota_odb10	53.0	41.6	11.4	11.4	35.6	255			
EP01092_Planopodium_desertum.fasta	eukaryota_odb10	14.1	13.7	0.4	19.6	66.3	255			
EP00518_Triparma_eleuthera.fasta	eukaryota_odb10	53.0	46.7	6.3	18.8	28.2	255			
EP00282_Hemiselmis_andersenii.fasta	eukaryota_odb10	60.4	55.3	5.1	20.4	19.2	255			
EP00602_Paraphysomonas_sp_CaronLab.fasta	eukaryota_odb10	76.1	71.8	4.3	9.0	14.9	255			
EP00079_Xenopus_tropicalis.fasta	eukaryota_odb10	98.0	64.7	33.3	0.4	1.6	255			
EP00731_Ephydatia_muelleri.fasta	eukaryota_odb10	77.6	63.5	14.1	11.0	11.4	255			
EP01087_Luapelamoeba_hula.fasta	eukaryota_odb10	86.3	71.0	15.3	6.7	7.0	255			
EP00473_Plasmodiophora_brassicae.fasta	eukaryota_odb10	89.0	88.6	0.4	3.5	7.5	255			
EP00585_Thalassiosira_rotula.fasta	eukaryota_odb10	55.3	51.8	3.5	18.4	26.3	255			
EP00359_Climacostomum_virens.fasta	eukaryota_odb10	59.6	58.4	1.2	5.1	35.3	255			
EP00584_Thalassiosira_punctigera.fasta	eukaryota_odb10	61.6	60.8	0.8	14.5	23.9	255			
EP00612_Vaucheria_litorea.fasta	eukaryota_odb10	59.6	56.1	3.5	12.5	27.9	255			
EP00904_Undaria_pinnatifida.fasta	eukaryota_odb10	78.4	77.6	0.8	5.5	16.1	255			
EP00983_Pelagomonas_calceolata.fasta	eukaryota_odb10	2.0	2.0	0.0	24.3	73.7	255			
EP01122_Echinamoeba_exundans.fasta	eukaryota_odb10	82.4	74.9	7.5	2.4	15.2	255			
EP00349_Pseudokeronopsis_sp_Brazil.fasta	eukaryota_odb10	19.6	18.4	1.2	14.9	65.5	255			
EP00690_Seculamonas_sp_ecuadoriensis.fasta	eukaryota_odb10	3.9	3.9	0.0	10.2	85.9	255			
EP00429_Kryptoperidinium_foliaceum.fasta	eukaryota_odb10	72.5	34.5	38.0	9.8	17.7	255			
EP00770_Monocercomonoides_exilis.fasta	eukaryota_odb10	56.0	47.8	8.2	7.8	36.2	255			
EP00670_Eutreptiella_braarudii.fasta	eukaryota_odb10	42.7	37.6	5.1	11.0	46.3	255			
EP00699_Malawimonas_sp_californiana.fasta	eukaryota_odb10	7.5	7.5	0.0	6.7	85.8	255			
EP00044_Salpingoeca_rosetta.fasta	eukaryota_odb10	83.1	82.7	0.4	6.7	10.2	255			
EP00679_Angomonas_deanei.fasta	eukaryota_odb10	47.8	14.5	33.3	10.6	41.6	255			
EP00239_Pterosperma_sp_CCMP1384.fasta	eukaryota_odb10	45.9	45.9	0.0	14.1	40.0	255			
EP00657_Telonema_sp_P-1.fasta	eukaryota_odb10	7.1	6.7	0.4	17.3	75.6	255			
EP00154_Conidiobolus_coronatus.fasta	eukaryota_odb10	80.4	79.2	1.2	4.7	14.9	255			
EP00425_Heterocapsa_triquetra.fasta	eukaryota_odb10	26.7	26.7	0.0	9.4	63.9	255			
EP00121_Abeoforma_whisleri.fasta	eukaryota_odb10	2.8	2.4	0.4	7.5	89.7	255			
EP00344_Euplotes_crassus.fasta	eukaryota_odb10	32.6	31.0	1.6	14.5	52.9	255			
EP00249_Psilotum_nudum.fasta	eukaryota_odb10	91.8	70.2	21.6	4.3	3.9	255			
EP00037_Helgoeca_nana.fasta	eukaryota_odb10	93.7	91.0	2.7	1.2	5.1	255			
EP00382_Lankesteria_abbotti.fasta	eukaryota_odb10	21.6	14.1	7.5	13.3	65.1	255			
EP01041_Mallomonas_annulata.fasta	eukaryota_odb10	70.6	66.7	3.9	11.8	17.6	255			
EP00671_Bodo_saltans.fasta	eukaryota_odb10	54.9	53.3	1.6	9.4	35.7	255			
EP00532_Pseudo-nitzschia_australis.fasta	eukaryota_odb10	73.3	69.4	3.9	7.5	19.2	255			
EP00237_Pycnococcus_provasolii.fasta	eukaryota_odb10	55.3	49.0	6.3	13.3	31.4	255			
EP00379_Toxoplasma_gondii.fasta	eukaryota_odb10	61.2	61.2	0.0	8.6	30.2	255			
EP00568_Trieres_chinensis.fasta	eukaryota_odb10	43.6	42.0	1.6	24.7	31.7	255			
EP00453_Perkinsus_chesapeaki.fasta	eukaryota_odb10	0.0	0.0	0.0	5.9	94.1	255			
EP00695_Tsukubamonas_globosa.fasta	eukaryota_odb10	8.7	7.1	1.6	11.4	79.9	255			
EP00372_Theileria_equi.fasta	eukaryota_odb10	51.4	51.0	0.4	11.4	37.2	255			
EP00500_Bicosoecida_sp_ms1.fasta	eukaryota_odb10	47.5	47.5	0.0	18.0	34.5	255			
EP01065_Artemidia_motanka.fasta	eukaryota_odb10	71.3	62.7	8.6	7.5	21.2	255			
EP00833_Pecoramyces_ruminatium.fasta	eukaryota_odb10	43.6	42.0	1.6	21.2	35.2	255			
EP00058_Branchiostoma_floridae.fasta	eukaryota_odb10	87.9	86.3	1.6	8.2	3.9	255			
EP00929_Paragymnodinium_shiwhaense.fasta	eukaryota_odb10	74.5	48.2	26.3	6.7	18.8	255			
EP00672_Neobodo_designis.fasta	eukaryota_odb10	46.3	45.1	1.2	7.1	46.6	255			
EP00823_Brevimastigomonas_motovehiculus.fasta	eukaryota_odb10	54.1	52.9	1.2	15.3	30.6	255			
EP00642_Albugo_laibachii.fasta	eukaryota_odb10	88.2	75.3	12.9	3.5	8.3	255			
EP00566_Odontella_aurita.fasta	eukaryota_odb10	64.3	36.1	28.2	15.3	20.4	255			
EP00279_Guillardia_theta.fasta	eukaryota_odb10	79.6	76.1	3.5	10.2	10.2	255			
EP01134_Creolimax_fragrantissima.fasta	eukaryota_odb10	95.7	94.1	1.6	2.0	2.3	255			
EP00698_Gefionella_okellyi.fasta	eukaryota_odb10	78.5	61.2	17.3	2.7	18.8	255			
